chr     pos     strand  context ratio   eff_CT_count    C_count CT_count        rev_G_count     rev_GA_count    CI_lower        CI_upper
1       75      +       CHH     0.000   1.00    0       1       0       0       0.000   0.793
1       76      +       CHH     0.000   1.00    0       1       0       0       0.000   0.793
1       80      +       CHH     0.000   4.00    0       4       0       0       0.000   0.490
1       81      +       CHH     0.000   5.00    0       5       0       0       -0.000  0.434
1       88      +       CHH     0.000   7.00    0       7       0       0       0.000   0.354
1       90      +       CHH     0.000   8.00    0       8       0       0       0.000   0.324
1       94      +       CHH     0.000   8.00    0       8       0       0       0.000   0.324
1       103     +       CHG     0.667   9.00    6       9       0       0       0.354   0.879
1       113     +       CHH     0.100   10.00   1       10      0       0       0.018   0.404
1       114     +       CHH     0.000   9.00    0       9       0       0       0.000   0.299
1       119     +       CHH     0.000   10.00   0       10      0       0       -0.000  0.278
1       125     +       CHH     0.000   11.00   0       11      0       0       0.000   0.259
1       132     +       CHG     0.250   12.00   3       12      0       0       0.089   0.532
1       133     +       CG      1.000   12.00   12      12      0       0       0.757   1.000
1       145     +       CHH     0.000   13.00   0       13      0       0       0.000   0.228
1       146     +       CHH     0.000   13.00   0       13      0       0       0.000   0.228
1       149     +       CG      0.917   12.00   11      12      0       0       0.646   0.985
1       168     +       CG      0.833   12.00   10      12      0       0       0.552   0.953
1       172     +       CHH     0.000   12.00   0       12      0       0       0.000   0.243
1       177     +       CHH     0.167   12.00   2       12      0       0       0.047   0.448
1       184     +       CG      0.750   8.00    6       8       0       0       0.409   0.929
1       187     +       CHH     0.167   6.00    1       6       0       0       0.030   0.564
1       207     +       CHH     0.000   7.00    0       7       0       0       0.000   0.354
1       208     +       CHH     0.000   7.00    0       7       0       0       0.000   0.354
1       215     +       CHH     0.000   6.00    0       6       0       0       0.000   0.390
1       218     +       CG      0.500   8.00    4       8       0       0       0.215   0.785
1       221     +       CHH     0.125   8.00    1       8       0       0       0.022   0.471
1       222     +       CHG     0.125   8.00    1       8       0       0       0.022   0.471
1       227     +       CHH     0.000   4.00    0       4       0       0       0.000   0.490
1       229     +       CHH     0.333   3.00    1       3       0       0       0.061   0.792
1       233     +       CHH     0.333   3.00    1       3       0       0       0.061   0.792
1       236     +       CHH     0.000   1.00    0       1       0       0       0.000   0.793
1       238     +       CHH     0.000   1.00    0       1       0       0       0.000   0.793
1       240     +       CHH     0.000   1.00    0       1       0       0       0.000   0.793
1       241     +       CHH     0.000   1.00    0       1       0       0       0.000   0.793
1       242     +       CHH     1.000   1.00    1       1       0       0       0.207   1.000
1       243     +       CHH     0.250   4.00    1       4       0       0       0.046   0.699
1       245     +       CHH     1.000   1.00    1       1       0       0       0.207   1.000
1       254     +       CHH     0.000   6.00    0       6       0       0       0.000   0.390
1       255     +       CHH     0.250   4.00    1       4       0       0       0.046   0.699
1       259     +       CHH     0.200   5.00    1       5       0       0       0.036   0.624
1       260     +       CHH     0.167   6.00    1       6       0       0       0.030   0.564
1       267     +       CHH     0.125   8.00    1       8       0       0       0.022   0.471
1       269     +       CHH     0.000   6.00    0       6       0       0       0.000   0.390
1       273     +       CHH     0.000   6.00    0       6       0       0       0.000   0.390
1       282     +       CHG     0.571   7.00    4       7       0       0       0.250   0.842
1       292     +       CHH     0.000   5.00    0       5       0       0       -0.000  0.434
1       293     +       CHH     0.000   5.00    0       5       0       0       -0.000  0.434
1       298     +       CHH     0.000   5.00    0       5       0       0       -0.000  0.434
1       304     +       CHH     0.000   5.00    0       5       0       0       -0.000  0.434
1       311     +       CHG     0.000   2.00    0       2       0       0       0.000   0.658
1       312     +       CG      1.000   1.00    1       1       0       0       0.207   1.000
1       324     +       CHH     0.000   1.00    0       1       0       0       0.000   0.793
1       325     +       CHH     0.000   2.00    0       2       0       0       0.000   0.658
1       328     +       CG      1.000   1.00    1       1       0       0       0.207   1.000
1       346     +       CG      1.000   2.00    2       2       0       0       0.342   1.000
1       350     +       CHH     0.000   3.00    0       3       0       0       0.000   0.562
1       355     +       CHH     0.000   4.00    0       4       0       0       0.000   0.490
1       362     +       CG      0.750   4.00    3       4       0       0       0.301   0.954
1       365     +       CHH     0.000   4.00    0       4       0       0       0.000   0.490
1       385     +       CHH     0.000   4.00    0       4       0       0       0.000   0.490
1       386     +       CHH     0.000   4.00    0       4       0       0       0.000   0.490
1       393     +       CHH     0.000   3.00    0       3       0       0       0.000   0.562
1       396     +       CG      1.000   3.00    3       3       0       0       0.438   1.000
1       399     +       CHH     0.000   3.00    0       3       0       0       0.000   0.562
1       400     +       CHG     1.000   3.00    3       3       0       0       0.438   1.000
1       406     +       CHH     0.000   3.00    0       3       0       0       0.000   0.562
1       408     +       CHH     0.333   3.00    1       3       0       0       0.061   0.792
1       412     +       CHH     0.000   2.00    0       2       0       0       0.000   0.658
1       414     +       CHH     0.000   2.00    0       2       0       0       0.000   0.658
1       415     +       CHH     0.000   2.00    0       2       0       0       0.000   0.658
1       417     +       CHH     0.000   2.00    0       2       0       0       0.000   0.658
1       419     +       CHH     0.000   2.00    0       2       0       0       0.000   0.658
1       420     +       CHH     0.000   2.00    0       2       0       0       0.000   0.658
1       421     +       CHH     0.000   3.00    0       3       0       0       0.000   0.562
1       422     +       CHH     0.000   3.00    0       3       0       0       0.000   0.562
1       424     +       CHH     0.000   5.00    0       5       0       0       -0.000  0.434
1       433     +       CHH     0.000   9.00    0       9       0       0       0.000   0.299
1       434     +       CHH     0.125   8.00    1       8       0       0       0.022   0.471
1       438     +       CHH     0.111   9.00    1       9       0       0       0.020   0.435
1       439     +       CHH     0.222   9.00    2       9       0       0       0.063   0.547
1       446     +       CHH     0.133   15.00   2       15      0       0       0.037   0.379
1       448     +       CHH     0.000   15.00   0       15      0       0       -0.000  0.204
1       452     +       CHH     0.000   18.00   0       18      0       0       0.000   0.176
1       461     +       CHG     0.632   19.00   12      19      0       0       0.410   0.809
1       471     +       CHH     0.000   23.00   0       23      0       0       -0.000  0.143
1       472     +       CHH     0.000   24.00   0       24      0       0       0.000   0.138
1       477     +       CHH     0.000   25.00   0       25      0       0       0.000   0.133
1       483     +       CHH     0.083   24.00   2       24      0       0       0.023   0.258
1       490     +       CHG     0.207   29.00   6       29      0       0       0.098   0.384
1       491     +       CG      0.839   31.00   26      31      0       0       0.674   0.929
1       503     +       CHH     0.032   31.00   1       31      0       0       0.006   0.162
1       504     +       CHH     0.000   32.00   0       32      0       0       0.000   0.107
1       507     +       CG      0.812   32.00   26      32      0       0       0.647   0.911
1       526     +       CG      0.714   28.00   20      28      0       0       0.529   0.847
1       530     +       CHH     0.000   24.00   0       24      0       0       0.000   0.138
1       535     +       CHH     0.000   22.00   0       22      0       0       0.000   0.149
1       542     +       CG      0.850   20.00   17      20      0       0       0.640   0.948
1       545     +       CHH     0.000   14.00   0       14      0       0       0.000   0.215
1       564     +       CHH     0.000   11.00   0       11      0       0       0.000   0.259
